ChangeEnergy= 1.07118E-10
ChangeMomentum= 0.00000E+00
